0.3333333333333333
0.3333333333333333
0.3333333333333333
0.3333333333333333
0.25
0.2
0.16666666666666666
0.14285714285714285
0.125
0.1111111111111111
1.0
1.0
0.875
0.875
0.875
0.875
0.875
0.875
0.875
0.875
0.875
0.875
0.875
0.875
0.875
0.875
0.875
0.875
0.875
0.875
0.875
0.875
0.875
0.875
0.875
0.875
0.875
0.875
0.875
0.875
0.875
0.875
0.875
0.875
0.875
0.875
0.875
0.875
0.875
0.875
0.875
0.8666666666666667
0.8666666666666667
0.8666666666666667
0.8666666666666667
0.8666666666666667
0.8478260869565217
0.8297872340425532
0.828125
0.828125
0.828125
0.828125
0.828125
0.828125
0.828125
0.828125
0.828125
0.828125
0.828125
0.828125
0.828125
0.828125
0.828125
0.828125
0.828125
0.8169014084507042
0.8169014084507042
0.8169014084507042
0.8169014084507042
0.8169014084507042
0.8169014084507042
0.8169014084507042
0.8055555555555556
0.8026315789473685
0.8026315789473685
0.8026315789473685
0.8026315789473685
0.7922077922077922
0.0
