0.0
0.0
0.0
0.0117647061124444
0.0117647061124444
0.0117647061124444
0.0117647061124444
0.0117647061124444
0.0117647061124444
0.0117647061124444
1.0
0.0
0.0117647061124444
0.0117647061124444
0.0117647061124444
0.0117647061124444
0.0235294122248888
0.03529411926865578
0.0470588244497776
0.05882352963089943
0.07058823853731155
0.08235294371843338
0.0941176488995552
0.10588235408067703
0.11764705926179886
0.12941177189350128
0.1411764770746231
0.1411764770746231
0.15294118225574493
0.16470588743686676
0.1764705926179886
0.1882352977991104
0.20000000298023224
0.21176470816135406
0.2235294133424759
0.23529411852359772
0.24705882370471954
0.25882354378700256
0.2705882489681244
0.2823529541492462
0.29411765933036804
0.30588236451148987
0.3176470696926117
0.3176470696926117
0.3294117748737335
0.34117648005485535
0.3529411852359772
0.364705890417099
0.3764705955982208
0.38823530077934265
0.4000000059604645
0.4117647111415863
0.4117647111415863
0.42352941632270813
0.43529412150382996
0.4470588266849518
0.4588235318660736
0.4588235318660736
0.4588235318660736
0.4588235318660736
0.4588235318660736
0.47058823704719543
0.48235294222831726
0.4941176474094391
0.5058823823928833
0.5058823823928833
0.5176470875740051
0.529411792755127
0.5411764979362488
0.5529412031173706
0.5647059082984924
0.5764706134796143
0.5882353186607361
0.6000000238418579
0.6117647290229797
0.6235294342041016
0.6235294342041016
0.6235294342041016
0.6352941393852234
0.6470588445663452
0.658823549747467
0.6705882549285889
0.6823529601097107
0.6823529601097107
0.6823529601097107
0.6941176652908325
0.7058823704719543
0.7176470756530762
0.7176470756530762
1.0
